$ANSIBLE_VAULT;1.1;AES256
34393065363332306663346431336636333164376332633033623566623434653539323165363032
6464383732353165393937663931303461386462623033340a613635336661376361386166363439
66636262613136663161306433643536333664376330626262613264333863373133373133323037
6465326535383037640a613563373162666664633866633666353139396463333862653365636639
65633662653039633534623332636239653564306165303562396264373334633931373064363731
33373364656633336534643738356663626536343630373435333861303732356535646333326237
35653832316233663564633262393864313962613064653163623531643437663564323466653266
32656635646333363631383532346461666562383964613239343163326261306133373765373332
37653763623031656336393065623834313534323961343638636562396232333930626636356631
30396366383161323866343262616531393762326564333034323233373734326537363865653535
62656339303961313862663566373536326162303265643432323735383835323138663133643735
32636330343636373266653739383738376164376630346432383434663538666338366234303230
64643531363830366338643239386162373065643235303933656565643136306638616363653939
36386631373039663032373661336565383865633237613433366435383464653863616462653233
64303163663866373838626637653034316631386464393037396361626236633938353339643936
38623033363466393261326330666439623265373938306531383437663938363039653839356634
33363137643733633537376631356461623535636331666566623366633532323133336439316437
62333331353763623266313637343061323636356662363939373263303563353633363061326638
63363636663961376563373433333630333830633365643166626165396431616231636432616331
34656331363730366132303338393235333265316433623838353335306636303565303463346330
66663338306639626562653339643037326532383566663930356364396462616265646266363932
61306565343231626166306332646166626639366330623137656131303839343263626563353734
65366533646436613034313134663964636639643664383463633065356530363833643032386535
30636666393463663835326661636662383835643733323238383533323561633039666661646130
34623465646535656564326366303630323566346264636464326562656138383566656266656238
37383234333262653934373535356266663062376430346164663634373964646465663538666134
39613634643238633737626362393835356563396131623335616663333239393362343536393136
31643663383836646434653061363532633532666638626132653866316136643464323466666266
31353761383039623037306430646261306135653465313431313030336563343535306364383433
34623762333930666533346630313931646461663239366266373835323465393337306362666266
65306433656134636264393238313732643430623132313065616234373837306564623939333536
33376664633735326462653433643639356463383230336137633434346332653337643166316437
63333264336238613366333934613436646563646439633431316532653234333065663362663565
32316636643335353663316137386338653337376436373938326661373533343638626165343861
64376266316138303066333339326463393032313333393764653131306437623763383737313836
66333965373030373632333932643239653561396334633131653633383038363731333361616435
33386362646233346239663131336664326439663261393737656639313733653765343431656631
62373933336562323365623564353933383839353166623436313436633163333061633632663337
32656362396564653034316637303131636430343835333164326666623434623239316231363266
36393233666233616239643965666235396266316561336431376638386332616131336566353730
38623739383665333435646136346138633433663339336632643632393332663765306135386165
65346131613063356339306264363866366462333165666237306438336230646230376561646330
323232643062353036663330303361616133
