$ANSIBLE_VAULT;1.1;AES256
63343432633337306135356261393832376564303566376466613931393634653631363265633462
3339326331353362313230316364623030623633393362310a393332363430626332343033636435
32656138616234623233616366393039353734613338613662646238363535333435383061346236
3830336239336131300a633038386464626566656634303933383166383162393030623639313338
38333933636530613466383664623231393864396137633331353034663136656432353165303130
35343261333231656630623966393438326666313137333436633062366135323964313637653666
65363436363664326166363661333531323132623933616664303666353331393130633632363066
37623565323838643961316532323336363762373531666639343534376666623131326535313534
62303965653935623030363830633263376431626138626466316364396462313161313337643832
30336437346262313263383764646630613139653864313762346466613636653864356264613163
39643736663037303861346134396634323136393861643238363734336639323934666265633135
63653263636435386632346566383637666239643639656566393433616136636334333430356438
61643161313036333930343637653230333939613538636161383737353562646435393638306337
35333664303332346461333865623630626464356332333963623739306631316161646433656565
66666438353364623832323439656431663133336631636434336566346564616338656362316436
36666165383133613433633732303936393139666464356338383264376237346138313066303364
32346431643163653338626261316465636566663161393538316261646364613261306538366464
31313563313334333461353165613930376539333730626333356638343865346261393362333965
35633330663463323839653333333334383630366633393766356138346437393839336130353436
66653963626163383039313437643766363462383166323465383830653631383063633739366262
39356233643732353732396433303335633239346336663339383331663364636532613634653030
37336530313534353731316266363562653662326433643961633032653665346334313364393535
30386166616437353439333562396433636437376333386534636339333163356663306635303035
38663434633664323433653535323836313962313434336236376332343533636233396166643034
36333731613830323833343235313066313637353631346539626138386563646633303532366437
34656530303235386462363230336332393738666664373962373632643963353333303435316266
61373434383334353539613531363065383033306233353762376439653938393934656331623139
65636361316161613637626162666632386433653762666233343232373839356336626563336132
32383336666330336137646331376265353030656236313932303961366363326237666532643264
30376262303362346437316331653866366632636537306532353065356436376561393934386664
38636664376234316330386631653136376461393939633231303130616333353264376235343136
38363734326238306363323532643832663164653038633063366531666532356663663061646561
36333733363832353937623235383032303630333265636130613238363830663965666339383437
38373564653233373561373866373031326137613265323930326232663034393166303237306265
35396535663535326633306465613731356339646636636439373564623264653261666338633765
39353866326635376463623266336630393930346439623362373733306265666239656432636263
33633939396539316363663664333237306664373665646436393462363539343962363836636339
30376565623833393462653461656232636263343664383935303165653832326263343937303662
31636637333433343162303865323165393639306633313732366534323761393839303339643537
63366266366232366661363536333363663739356336363234323466643363663064333635343933
36333565366535616439373435666237656433643633636464663364613865633663653535333866
38623330636236643833643135356264636432656164343861313834373666343763356165663466
62393234396662376261623765386132393761666464336364356530363932313533396234663563
31313266383461363034343664643262653831646266393337393735616162333730306639323133
33336366643034646232373837363737666435643836653435343733646538363466656635616436
36303936343937326562353364663464303762623633346431303537376132343131373938633331
39356166333734363032353937333431383966373838326431363438366166383966613335313137
62633137653833396233303633663831363262623739336532623036306630366563643038393932
61343530373333623033336539633965363862343438306435363438663230653461626661393063
3331663061343934636666326662613331343133393966643136
