$ANSIBLE_VAULT;1.1;AES256
32313066663838656162343435623536663334393733373133353632323032346436613866643465
3634306437313437323036646162373831386631366235340a373739613961626666616131393136
30613662393139383261353565353236316666373163633861643539666565366161643234383036
6131366236323138650a386334663265633631633733356439333633386234393538333435313534
61636131373966356435346533356135353065643361303137353433313162663362623164373635
65616162663461643863623632396365663639613261373564636564633061363063326536313138
64383964663061626462353831643938306333363765636666633936356439643939656539313663
65356662373561383563656638363030303463373736353834666232643961653963646163316335
66616132373965626436616539313731396539336564303264653537313063636539633237396136
31376262653637623633633538646633663765646331306663383065633532633933643731383665
31353536303937303337623036376664316565636666643032613165323863303166333434653239
37643462346531646337643230366233633933373636346631366534316632373466333532323966
62363136646464386532666431653164333363393666303366366365363735373139376666313366
38643936653932333436633735643062376530646164643234613262353434633964323566336262
66613031633633613530666666626461376261623262323133656331356339646466353165316535
61636632353339616230613262366364373539616561303766373338333733366134613266393139
31353862363232313936656434613132313833326662383933613833313562643066653965633034
66336464333030623437343232303835646532353037376432323837313263326634353264333730
62613063363166386636636564623766303631363734336330623430623336333230623832366432
31616431656264653464376561633638636434303831373062336330393966383138653835366666
33303665376434303064326366343238363063656465666430376137316635376134313264363134
31363162306133376364656531393435613961303063653966373066323239653734643164623361
39346635656239363330643963363239373932306638643439613066626336313336363639376638
33373834663536666165326662663261393162643736393632653039633931303961303238353335
37316531623264656537333335303337616265636137666437343866626563656464663236396630
37646139323632393364326263326439366430376636383139333062363332646465623638363235
66353338646635326235383936636166363961383836626566366234303966313438323131363431
64666562353263613136326338316238643130633336623438346265343835383131666266313638
30656133643833646665366436363666616337643031336561666464656332313261366565383065
63616563316361666362623339656361333639313037316339666562306364396333363563363035
65373863653261653834663531636439336261636666333766643539613036333833356662653631
64343963346533393830663164643066653665313736366532316566663933623963623432656665
64383335383061636233643665643166373066306466386134353638323365636363313532323133
66336630653865373565363661366263646133303761363262653766376239636336393934316338
34316635373836613637383661383565616533663335326239336363326264666134633931623465
38656666396235373366383563373662316565323239643533646363633263363237633236323935
66333762376138346163666238373362303463373165343533633361366332346432373936353232
61666136623433356335373964346364613838346462346332316163623036626537643239313035
36386263373964623832646535336535643962306435316433613535616234353236646662303666
33663435313561623839306536623632666463646263336263363639373234343138373364376163
35383865363738646664386238366661653536323739323335356562356264363530643937343437
39303865326636353234366135336434396431366632646536336333373031623730386632316564
39303636666363333864366132386164386437643036626162303565383463656632616262376437
33303836373864666334663230316530376135353461623136333032326530343861313762393862
33636138653033373739633438626431373866666562343264643637323031366436643539326162
38346634373165396435643233353430333239386133356537366264616166383363633461663565
35653265626333326635626235316264353334346431353933633138303037663031356335653063
61666334383963336439393739643534386230316131646261353039666439376363376132646165
35396466316333393863386332363937363562616662373033613739323034376463643561613236
65636434666636616331313031616233323031613930663834386237656366396664336431363363
30333635383066616534343637623533663066373833323630623866623061656537376666343062
36333563313436626235383634643239333336326432313763613635396635616636333234373765
64383538633762326161383861333964313433303064363530623438393366353735396536373865
63643536303365623434326438316464663539303661313038643939343166623638356564383230
61353763306362386239333630643263373531366334643030363233306430323861326533393664
31316662643565356430393263636635373162663766356237353062313437383533356466333666
31633735323034383165373033623362396166623731313761383865353265326533653633643334
35336261616530396632656362303135616136643662303135363036656661613639663937383533
34333637616235663530633938306365363763326466363935616163383139643031663533373231
66373338363832343262386437383462336663346665656232353237623833316635396636306532
65316330313037393735363163396365313164393966613262663431313439313335326331333631
35323964653664353264343665366232323565623736656635373163613964333935656234353636
64613735326564373965323964653863376336363838363733646230383861663133356335623463
33303432346332633436313562393534623231343736636134316539323733366331356330653166
38373466623938396462366661613262343661313433613532326131356430636130323832323936
37623338373130366135393263326336306536393334343735353663656534643064623339623863
64343938313932373762623235623665343561303337356261316339666532663734303365653135
34386636623062323566663563326563623266363430326638653631636464343237353236373438
62653231663439363636346362646137356439346137336538653536623434326232393237313262
64343164363438663136626563623038356664633533303630303931306364616463383265636563
34386262646334353937383037633235366339656461656261623134613735333264366133316235
65353131663566396538316636373433393061356464336233366631346137333134663639656135
34623864623933346137313061626231613839333630663664393961653839633464393039383235
35613935396261653131666463333636323263376335666130303631636638343735393966643634
31633134363066653835623536303164333033613132613164643061346232346131666535353634
38636234353863343266313664323536353532366363623266373834343134353161613137336134
33633364633135616166643036656638646165326635303536336132356134363263653531663135
39643538613062323438623436323962386332623661333964643238373466323432306263613363
32393163326635333039323237613430396562393661336461633865356535653763643731393636
34336466653139663664633831386237636661363037616239353265613963353664613038623461
34326437323039656330616436333963616530333938313239653166353930303133
