$ANSIBLE_VAULT;1.1;AES256
62613964616138626237356262633666353266316163636639343136646435666361383836333566
6630323837623163353931306335356332623233643939660a623835306236363831323537656664
31653636376539643164363637323266393931333362613632663031323731373065636533666134
6135326532636266360a633634376235646564343133346466333566336338343766656266373462
65613961313764636133633864613365383335373061646633363562343461326431356361393730
32633232613039343062626562303166313237333834313339613130363239656135353163313862
36623961393334326462393937306666333137643763646564643733323633333666376532353638
65623335323039376139306661353862633766326534366161343263626336613036646630356131
32383337356435663635313766303864353664313164626331666364633437636637663936333639
32343734363134343631383761346566613664653736643631666565646339646362363663353464
36346434666239353362633433636233386630373938346565646136616363666139656630633864
61666136393031373730646436623564663233656539333333653765633735366265613434326434
6262
