$ANSIBLE_VAULT;1.1;AES256
63643734343965646231656139313239643466393964303563646535343235363830343565313130
3231356133363464623866393138633861336539623532350a306335376361633230376361393237
63313239626435353338396132663531346538633035336535363430313561373935316263303765
3836643066383864640a356634373032363239393837616363376430343239363735633234383461
31396262356334383938653766656264383537393237613434316430323738626236346531393636
32316338363236343936613434633264323431633436396230643033303135396235376661306635
30306161393864646237363931336637653738306161386336613466343765366137303335333862
66643036323430383130663838623962356438303036376666646562333466613138656264323733
33326562326434303632633365626530336134353931616637623566656133346466653538373631
62316164376233353764346139346165653962333335333263616237323030346261646331643239
30356536316164303936366566633764663861373963363038323032363565383430663964633437
39376134613738376561353061323934396332396133626631643964613465636136616263646332
61663461376636646232626631356537353561613534383232656462303735373933
